
---------------------------------------Q1_1----------------------------------------- 
Random forest running time:5048.712758541107 AUC score: 0.781054169279648 with maxDepth: 15 numTrees: 15 . 
 GBT running time:3798.2609736919403 AUC score: 0.776710431560973 with maxDepth: 10 . 
------------------------------------------------------------------------------------ 

# 10 cores. using 21 low-level features.

---------------------------------Q1_2---------------------------------------------------------- 
Random forest AUC score: 0.7039126095634923 Accuracy: 0.6479757220036017 training time: 1273.398951292038. 
(21,[0,1,2,3,4,5,6,7,8,9,10,11,12,13,14,15,16,17,18,19,20],[0.1412551163619674,0.030889764024629084,0.009110567268929308,0.12953777551222104,0.00885882364050649,0.1754036906315693,0.039669264383357106,0.009620474811444648,0.0847234675754878,0.09505423325671013,0.024949064683229293,0.009690665234222138,0.043412333385779704,0.05367433104596504,0.02098666710974778,0.009293508356717129,0.027134470997137543,0.03825614372527519,0.01843928880970046,0.008948075619230856,0.021092273566172697])
GBT AUC score: 0.7034352115187273 Accuracy: 0.647392419492733 training time: 403.308758020401. 
(21,[0,1,2,3,4,5,6,7,8,9,10,11,12,13,14,15,16,17,18,19,20],[0.12999593145085792,0.11101261997182706,0.0006288650313649782,0.046490367944056844,0.0009432877648531858,0.09838707785180666,0.10611985842470051,0.0008024922551411696,0.05975596066277324,0.07240941927283491,0.07042879791995561,0.0008436440196915505,0.040388349936862834,0.050416932081330225,0.06926869097526789,0.0008076126549390547,0.03388842690405164,0.024198590050301623,0.053668456515926076,0.000709934554411725,0.028834683757045166])
--------------------------------------------------------------------------------------------------------- 

# 10 cores. using 7 high-level features.

---------------------------------Q1_2---------------------------------------------------------- 
Random forest AUC score: 0.7859805511508444 Accuracy: 0.7085882502743704 training time: 1014.4723243713379. 
(7,[0,1,2,3,4,5,6],[0.0638067624087585,0.12686186624269974,0.026513845514494667,0.11872791088183687,0.33024238609707446,0.16382204300610656,0.17002518584902912])
GBT AUC score: 0.7788932372200663 Accuracy: 0.7023459432583691 training time: 289.45142102241516. 
(7,[0,1,2,3,4,5,6],[0.14760502322551647,0.1663437739564383,0.05477517835349085,0.14159441105528098,0.20409805631924258,0.1331264907055833,0.15245706638444775])
--------------------------------------------------------------------------------------------------------- 

# 10 cores. Using all features.

---------------------------------Q1_2---------------------------------------------------------- 
Random forest AUC score: 0.8071120697335014 Accuracy: 0.7280788610442449 training time: 1517.6078205108643. 
(28,[0,1,2,3,4,5,6,7,8,9,10,11,12,13,14,15,16,17,18,19,20,21,22,23,24,25,26,27],[0.0394218313452536,0.004338477480925988,0.0028791544308395737,0.035982864371591844,0.002801516618098652,0.07292137462351664,0.004862571602506272,0.0029224562414762786,0.01109308317464749,0.02900266155303253,0.003831818596942546,0.0029464130130622043,0.004902360259496352,0.014759819313948092,0.003518211681175501,0.0029858036089483895,0.003087164881274402,0.0101715346647638,0.003529115318105332,0.002930440090946378,0.003449602044458468,0.033350399429777654,0.08815430021410783,0.009954258248502516,0.0743758047854901,0.26912943533176015,0.12988568899548117,0.13281183807987032])
GBT AUC score: 0.8009083943098798 Accuracy: 0.7222700896782135 training time: 549.7553873062134. 
(28,[0,1,2,3,4,5,6,7,8,9,10,11,12,13,14,15,16,17,18,19,20,21,22,23,24,25,26,27],[0.07550249548165058,0.011751296684446844,0.00026285368436865616,0.04478637489237857,0.0002849175812084245,0.06585562550142214,0.009111899014292473,0.0002820765693836968,0.02095134329722879,0.03804445224477904,0.0036413695876596807,0.0003139179855554986,0.01051916134089161,0.03197244159872918,0.0025904526445904392,0.00027109580016636606,0.009336841534716108,0.026217721458581145,0.0016508115229557352,0.00032853111934095434,0.010332152301022385,0.07138973928488868,0.09140580122182997,0.029366468496884977,0.10090691299821937,0.15636369133538214,0.08291529475274231,0.10364426006468419])
--------------------------------------------------------------------------------------------------------- 

# 20 cores. Using all features.

---------------------------------Q1_2---------------------------------------------------------- 
Random forest AUC score: 0.8071120697335014 Accuracy: 0.7280788610442449 training time: 1198.5552105903625. 
(28,[0,1,2,3,4,5,6,7,8,9,10,11,12,13,14,15,16,17,18,19,20,21,22,23,24,25,26,27],[0.0394218313452536,0.004338477480925988,0.0028791544308395737,0.035982864371591844,0.002801516618098652,0.07292137462351664,0.004862571602506272,0.0029224562414762786,0.01109308317464749,0.02900266155303253,0.003831818596942546,0.0029464130130622043,0.004902360259496352,0.014759819313948092,0.003518211681175501,0.0029858036089483895,0.003087164881274402,0.0101715346647638,0.003529115318105332,0.002930440090946378,0.003449602044458468,0.033350399429777654,0.08815430021410783,0.009954258248502516,0.0743758047854901,0.26912943533176015,0.12988568899548117,0.13281183807987032])
GBT AUC score: 0.8009083943098798 Accuracy: 0.7222700896782135 training time: 494.72773718833923. 
(28,[0,1,2,3,4,5,6,7,8,9,10,11,12,13,14,15,16,17,18,19,20,21,22,23,24,25,26,27],[0.07550249548165058,0.011751296684446844,0.00026285368436865616,0.04478637489237857,0.0002849175812084245,0.06585562550142214,0.009111899014292473,0.0002820765693836968,0.02095134329722879,0.03804445224477904,0.0036413695876596807,0.0003139179855554986,0.01051916134089161,0.03197244159872918,0.0025904526445904392,0.00027109580016636606,0.009336841534716108,0.026217721458581145,0.0016508115229557352,0.00032853111934095434,0.010332152301022385,0.07138973928488868,0.09140580122182997,0.029366468496884977,0.10090691299821937,0.15636369133538214,0.08291529475274231,0.10364426006468419])
--------------------------------------------------------------------------------------------------------- 
